,2146313225,3324574595049986360,Sushiswap Official,1502511549
,5029291514,4186225727923094601,Sushiswap Official,1502511549
,5031050542,5236564559794099911,Sushiswap Official,1502511549
,5094227538,4183630268108886046,Sushiswap Official,1502511549
,5008194318,-1587169139731318118,Sushiswap Official,1502511549
,5025813436,-362159177265508099,Sushiswap Official,1502511549
,5029021450,8551140433832915424,Sushiswap Official,1502511549
,5042041438,-1271456572845574121,Sushiswap Official,1502511549
,5052648746,1384360932070140687,Sushiswap Official,1502511549
,5252665552,-4934093946857729989,Sushiswap Official,1502511549
,2116323073,-2833006901950382093,Sushiswap Official,1502511549
,5031553911,-5978752046573417740,Sushiswap Official,1502511549
,5072774562,-5206329043878372438,Sushiswap Official,1502511549
,2107388904,1892764348629031976,Sushiswap Official,1502511549
,5057474053,-1960308823262327525,Sushiswap Official,1502511549
,5062320384,7509198544600041669,Sushiswap Official,1502511549
,5096410473,-251435913755764386,Sushiswap Official,1502511549
,2112938480,-4214827262248113509,Sushiswap Official,1502511549
,2117264996,5545577926690344096,Sushiswap Official,1502511549
,5015586209,-1965080837112552443,Sushiswap Official,1502511549
,5031850490,-9090085016955892949,Sushiswap Official,1502511549
,5032229413,4916942173311875836,Sushiswap Official,1502511549
,5053851931,4723906448157779888,Sushiswap Official,1502511549
,5096089910,1901859242753926938,Sushiswap Official,1502511549
,5053744011,2569736484493361465,Sushiswap Official,1502511549
,5089069900,5016397583265814952,Sushiswap Official,1502511549
,2100097794,-1402654177334587847,Sushiswap Official,1502511549
,5031710118,-1810776390129548469,Sushiswap Official,1502511549
,5037330716,5856344935634576926,Sushiswap Official,1502511549
,2128707257,2093759876435335914,Sushiswap Official,1502511549
,5022518192,-3563298547888687195,Sushiswap Official,1502511549
,5056959322,-1806663546816303277,Sushiswap Official,1502511549
,2118967115,4046011803089570906,Sushiswap Official,1502511549
,5001071885,-3211545125522663864,Sushiswap Official,1502511549
,2048139706,6616627124049148138,Sushiswap Official,1502511549
,2084466434,-2572315622904743908,Sushiswap Official,1502511549
Mhckydyldtkst,2086409368,-4175277072662447164,Sushiswap Official,1502511549
,2089744621,6331526391550391673,Sushiswap Official,1502511549
wrwrertrrdty,2142025805,8065023205652034248,Sushiswap Official,1502511549
,5075853201,8311585759393930549,Sushiswap Official,1502511549
,5079882677,-4901950198920799740,Sushiswap Official,1502511549
,5090119391,3876282807502858866,Sushiswap Official,1502511549
,5299809203,-5021516615915865270,Sushiswap Official,1502511549
,1635501345,-1907503781996279255,Sushiswap Official,1502511549
,2126384960,-3906258701991535425,Sushiswap Official,1502511549
,5005066746,1844769675374219316,Sushiswap Official,1502511549
,5008087278,4920723804310036346,Sushiswap Official,1502511549
,5012762724,-6644616124441642484,Sushiswap Official,1502511549
,5024838224,3215521297710504926,Sushiswap Official,1502511549
,5025236068,-4421880955940552763,Sushiswap Official,1502511549
,5031713430,1488498880659538887,Sushiswap Official,1502511549
,5040023271,-4902142868662321048,Sushiswap Official,1502511549
,5064920375,-395038976462426038,Sushiswap Official,1502511549
,5073163731,7911916602396833322,Sushiswap Official,1502511549
,5076593386,-6415684642479734146,Sushiswap Official,1502511549
,5081197353,-50966326786024161,Sushiswap Official,1502511549
,5081887629,-3061510076863379571,Sushiswap Official,1502511549
,5083204688,-5909559957078242731,Sushiswap Official,1502511549
,5085348631,191182389120489807,Sushiswap Official,1502511549
,5085538734,3902404493484786089,Sushiswap Official,1502511549
,5085974781,4971144192311054256,Sushiswap Official,1502511549
,5086354872,6415225419288767705,Sushiswap Official,1502511549
,5087632463,-8813875291141927253,Sushiswap Official,1502511549
,5089329012,-5399384073660528101,Sushiswap Official,1502511549
,5089505347,8705315434852593238,Sushiswap Official,1502511549
,5089980001,-5611713834570698107,Sushiswap Official,1502511549
,5096251002,-1334566513405675932,Sushiswap Official,1502511549
,5097043944,-695341971708852007,Sushiswap Official,1502511549
,5097360663,2479279930959950539,Sushiswap Official,1502511549
,5101144378,-4911504320811370326,Sushiswap Official,1502511549
,5238685739,3464400092174153606,Sushiswap Official,1502511549
,5265276906,7236750212125935235,Sushiswap Official,1502511549
,904750555,8310720557342297804,Sushiswap Official,1502511549
,1451027108,-1866084566355504231,Sushiswap Official,1502511549
,1530522378,-8395131753170550017,Sushiswap Official,1502511549
,1564627227,7300584056640589682,Sushiswap Official,1502511549
,1589857052,4183378547526532058,Sushiswap Official,1502511549
whssjaksksksk,2020454765,2373397845960824208,Sushiswap Official,1502511549
,2042544977,7090340243653275392,Sushiswap Official,1502511549
dfgd547,2053554873,8506143429889669523,Sushiswap Official,1502511549
,2058260024,-4211658470140103294,Sushiswap Official,1502511549
,2104838369,518982038701645107,Sushiswap Official,1502511549
,2112638530,-5495492700912076382,Sushiswap Official,1502511549
,2117885247,7457539357353986772,Sushiswap Official,1502511549
,5002980167,8522542028336537579,Sushiswap Official,1502511549
,5011882263,-7186244548039652898,Sushiswap Official,1502511549
,5014835541,-5093248401471753427,Sushiswap Official,1502511549
,5015222954,6077359282086811803,Sushiswap Official,1502511549
,5031851456,-7678677720214338479,Sushiswap Official,1502511549
,5034419969,1923281345996975050,Sushiswap Official,1502511549
,5037025370,7736867166618640115,Sushiswap Official,1502511549
,5038467011,-6334686041435729241,Sushiswap Official,1502511549
,5049203715,5002619827018129029,Sushiswap Official,1502511549
,5073373694,5480878232081557493,Sushiswap Official,1502511549
,5075345981,-4019315760349111326,Sushiswap Official,1502511549
,5089715792,3885446087329174465,Sushiswap Official,1502511549
,5091306574,-211141583631146255,Sushiswap Official,1502511549
Jsksneksb,5091485164,442004942605558082,Sushiswap Official,1502511549
,5094912696,395657642878115044,Sushiswap Official,1502511549
,5095822723,-1285454150368693128,Sushiswap Official,1502511549
,5096092960,861139253276103144,Sushiswap Official,1502511549
,5101037930,1606001441232295868,Sushiswap Official,1502511549
,5192351849,4628953676821883302,Sushiswap Official,1502511549
,5218189016,-2220542098332850198,Sushiswap Official,1502511549
,5256486229,-6575589506793598594,Sushiswap Official,1502511549
,5269364849,-2312679130700389703,Sushiswap Official,1502511549
,5278046978,-7245414223585188482,Sushiswap Official,1502511549
,5278972868,-8292686788777999693,Sushiswap Official,1502511549
,5290513023,571702371027275737,Sushiswap Official,1502511549
,5296608180,2253011536513070049,Sushiswap Official,1502511549
,1101773204,-4394427095934071990,Sushiswap Official,1502511549
,1605134935,-565875709067485393,Sushiswap Official,1502511549
,1729283035,-9154581035493529340,Sushiswap Official,1502511549
,1917006071,7419233371696848792,Sushiswap Official,1502511549
,1925852106,2993287561256880734,Sushiswap Official,1502511549
,1950685553,8142002430644086226,Sushiswap Official,1502511549
,1957158880,6488260887896877332,Sushiswap Official,1502511549
,1966890667,-2260340515686854398,Sushiswap Official,1502511549
,1968578365,-3370312154736065381,Sushiswap Official,1502511549
,1972538519,-1335558662311780634,Sushiswap Official,1502511549
,1974340070,7079714290059939049,Sushiswap Official,1502511549
,1983104092,-708098292338950942,Sushiswap Official,1502511549
,2003208749,5726840595345940745,Sushiswap Official,1502511549
,2005715738,-5466835721414126579,Sushiswap Official,1502511549
,2011946111,-8336936029102256554,Sushiswap Official,1502511549
,2013899895,6909939657337670855,Sushiswap Official,1502511549
,2014914578,7043684487129910495,Sushiswap Official,1502511549
,2026408575,-8026913694870761201,Sushiswap Official,1502511549
,2030493647,-3867626823687211098,Sushiswap Official,1502511549
,2040130795,-4278011374203581522,Sushiswap Official,1502511549
Alizadeh00159,2069114444,-6373039928816233934,Sushiswap Official,1502511549
,2073036655,8186515903829559417,Sushiswap Official,1502511549
,2080826815,-763497760959575346,Sushiswap Official,1502511549
,5012843895,7828523737261628918,Sushiswap Official,1502511549
,5013739376,-4198899148049509066,Sushiswap Official,1502511549
,5021347644,-8084072385942069283,Sushiswap Official,1502511549
,5045791387,-3272862484528336213,Sushiswap Official,1502511549
,5046682710,1552729212670177760,Sushiswap Official,1502511549
,5049221004,-8255901958056199301,Sushiswap Official,1502511549
,5052021129,-5810940509501228023,Sushiswap Official,1502511549
,5069044570,5622831144190777237,Sushiswap Official,1502511549
warveCircadian,5070390375,4957496163837653438,Sushiswap Official,1502511549
,5070823207,8937002626798117212,Sushiswap Official,1502511549
,5081999183,3820437921114394308,Sushiswap Official,1502511549
WBGHst,5085098673,-6274189543651717044,Sushiswap Official,1502511549
,5092303575,-3350511170803225938,Sushiswap Official,1502511549
,5121575972,-647269925785573679,Sushiswap Official,1502511549
,5124190759,7654535078369168636,Sushiswap Official,1502511549
,5126734926,-7876295062790417284,Sushiswap Official,1502511549
,5209879300,-974997623646062410,Sushiswap Official,1502511549
,5213395674,-8995167197262720978,Sushiswap Official,1502511549
,5232452724,2445539468459417812,Sushiswap Official,1502511549
,5235216609,5583178299493669926,Sushiswap Official,1502511549
,5254195850,-2228224740217869797,Sushiswap Official,1502511549
,5261623456,-5130523645061000871,Sushiswap Official,1502511549
,5290407733,9068201360427737398,Sushiswap Official,1502511549
,1042821581,-3846012263193161672,Sushiswap Official,1502511549
,1310670384,-2699497459052026581,Sushiswap Official,1502511549
,1430021672,-5843990063995899551,Sushiswap Official,1502511549
,1584602615,7445096067683868235,Sushiswap Official,1502511549
,1610849194,-7221754436251740517,Sushiswap Official,1502511549
,1617005629,-5146904485208906521,Sushiswap Official,1502511549
,1669176122,-3711681375601975025,Sushiswap Official,1502511549
polqk,1677545506,4425096706669496236,Sushiswap Official,1502511549
Akjj8jj1,1731303779,-900788700629937499,Sushiswap Official,1502511549
,1812942346,-401235637095706364,Sushiswap Official,1502511549
,1839666295,3043479829481697053,Sushiswap Official,1502511549
,1846495509,1850482922555644409,Sushiswap Official,1502511549
,1849837861,-1851699979882315121,Sushiswap Official,1502511549
,1856897161,-6630769420781308809,Sushiswap Official,1502511549
,1906059575,-757097610309481475,Sushiswap Official,1502511549
,1923878987,-2184317600012202038,Sushiswap Official,1502511549
,1956238878,-6033892733535553191,Sushiswap Official,1502511549
,1959474970,-1808452413338724821,Sushiswap Official,1502511549
,1965983871,4564427253715528528,Sushiswap Official,1502511549
,1968865992,-9213383239125284526,Sushiswap Official,1502511549
,1991297320,-2957899877281025563,Sushiswap Official,1502511549
,2003373446,6525948226697529209,Sushiswap Official,1502511549
,2006782870,194796867711078485,Sushiswap Official,1502511549
,2013230857,8877828426488030522,Sushiswap Official,1502511549
,2029914813,3462521275541498021,Sushiswap Official,1502511549
,2029995251,-1914661653129314267,Sushiswap Official,1502511549
,2048056764,-5359914327935131486,Sushiswap Official,1502511549
JagdishDasr,2049682066,-7849475611939640048,Sushiswap Official,1502511549
,2054258272,7616908769718430987,Sushiswap Official,1502511549
,2064953477,3173446798017576572,Sushiswap Official,1502511549
,2084529132,5125002883292899417,Sushiswap Official,1502511549
,2089607499,218136503682820262,Sushiswap Official,1502511549
,5030035061,-1673802740342896809,Sushiswap Official,1502511549
,5067746522,6190562015373206425,Sushiswap Official,1502511549
bfdfbhgd,5096979769,-3472721616491995429,Sushiswap Official,1502511549
,5121797294,5661928459806257846,Sushiswap Official,1502511549
,5190287422,3424595830218387175,Sushiswap Official,1502511549
,5213498767,7700993251925425724,Sushiswap Official,1502511549
,5290692302,6577756221446160668,Sushiswap Official,1502511549
,771292597,6343726043233616109,Sushiswap Official,1502511549
,1457286314,6643659417003857071,Sushiswap Official,1502511549
,1930052175,8129963095409924046,Sushiswap Official,1502511549
,1970067986,1400670892201430554,Sushiswap Official,1502511549
,1977061754,-3136187209997633389,Sushiswap Official,1502511549
